12722 24330
16651 19378
11472 7956
1321 4952
10041 12781
6411 22369
193 23114
339 19640
9482 2741
1023 15805
3618 21798
2774 20250
17536 6891
25080 6700
22903 23674
10346 5078
18585 13619
272 2912
14093 22899
1116 6305
17546 25159
13404 7023
13096 13142
16654 21178
9025 21824
21012 14540
20108 12851
24955 19961
10477 20780
16594 4164
22887 23293
18286 3096
25006 9511
6830 22887
4446 21281
17655 2952
24955 17655
3534 4639
16976 5812
19645 15933
20108 4513
2741 11241
20574 12710
16888 8369
10113 16368
19423 20108
18174 20635
18408 14924
17286 17443
12406 18543
5695 14403
8879 20562
2959 5172
2169 4353
3387 832
3372 12851
914 1493
9017 20000
14542 22793
25442 3386
6222 7650
19961 14807
11801 23441
12938 13364
2404 14807
24706 23674
19387 13801
11328 16324
624 2654
13276 23038
4273 6264
20316 14870
13482 22901
8727 12507
25006 4550
9572 5555
5131 6456
1014 25902
19297 4241
25080 21281
20391 23403
3372 13060
10041 7956
24765 12135
2952 21847
16654 19114
3858 23161
19442 6264
10931 5767
11537 20765
10942 23558
9249 20250
16393 20478
25439 6675
2952 12781
9593 122
8072 6907
10310 13056
25289 8072
2980 22457