20250 2774
15695 21309
16651 19378
20250 9249
3820 6456
22901 13482
5131 6456
3283 6868
7726 14870
4639 3534
8369 16888
1293 18000
24706 23674
1493 914
20316 14870
23674 22903
22369 6411
832 3387
15714 5065
5134 6009
21824 9025
6907 8072
20780 10477
12507 8727
23161 3858
12135 24765
5134 12660
9397 17751
14542 22793
19545 20662
16654 19114
17546 25159
12851 20108
3372 12851
6892 10477
25289 17997
3372 13060
25289 8072
20108 4513
15784 9025
20635 18174
6179 4146
9656 18453
6340 17807
20635 5134
23429 18408
17286 17443
18185 14542
10346 5078
4115 10926
6305 1116
20562 8879
10458 20552
15933 19645
2452 1116
11148 3409
19964 25585
4115 2560
5639 2404
13749 15568
16654 21178
238 16553
25359 9639
16589 11047
2952 12781
17345 7023
21825 23429
21608 17137
5812 18870
21550 4275
10600 8978
2952 21847
18408 21030
1023 15805
9736 8072
6172 20567
3228 23513
3651 19463
3502 5639
12781 10041
2443 4834
15683 17546
3618 21798
15821 18102
4377 7450
14128 1407
12311 18579
6830 950
15163 13624
17824 23300
7956 10041
20532 9025
2912 272
5067 13060
25439 6675
11182 13282
4376 4102
851 23204
3372 25060
6907 4115
